C00496679|92262|2018|25.0|25|1
C00496679|92262|2018|21.5|45|1
C00496679|92270|2018|25.0|25|1
C00496679|92270|2018|47.5|125|1
C00147231|32225|2018|50.0|50|1
C00147231|32225|2018|65.0|150|1
C00147231|32225|2018|80.0|200|2
C00147231|32225|2018|130.0|300|3
C00147231|32225|2018|125.0|350|4
C00147231|32225|2018|140.0|400|5
C00147231|32225|2018|190.0|500|6
C00147231|32225|2018|220.0|600|7
C00147231|32225|2018|460.0|1000|8
C00147231|32225|2018|370.0|1100|9
C00147231|32225|2018|351.0|1130|10
C00147231|32225|2018|619.0|1530|11
C00147231|32225|2018|480.0|1560|12
C00147231|32225|2018|503.0|1610|13
C00147231|32225|2018|500.5|1635|14
C00147231|32225|2018|560.5|1735|15
C00147231|32225|2018|590.5|1835|16
C00147231|32225|2018|564.5|1855|17
C00147231|32225|2018|836.5|2255|18
C00147231|32225|2018|704.5|2295|19
C00147231|32225|2018|723.5|2345|20
C00147231|32225|2018|882.0|2600|21
C00147231|32225|2018|794.0|2620|22
C00147231|32225|2018|856.0|2720|23
C00147231|32225|2018|851.0|2770|24
C00147231|32225|2018|883.5|2845|25
C00147231|32225|2018|923.5|2945|26
C00147231|32225|2018|901.0|2970|27
C00147231|32225|2018|926.0|3020|28
C00147231|32225|2018|976.0|3120|29
C00147231|32225|2018|971.0|3170|30
C00147231|32225|2018|1021.0|3270|31
C00147231|32225|2018|1051.0|3370|32
C00147231|32225|2018|1069.1|3453|33
C00147231|98006|2018|400.0|400|1
C00147231|32206|2018|25.0|25|1
C00147231|32211|2018|100.0|100|1
C00147231|99686|2018|50.0|50|1
C00147231|32266|2018|400.0|400|1
C00147231|32266|2018|190.0|500|1
C00147231|32095|2018|30.0|30|1
C00147231|98110|2018|20.0|20|1
C00147231|32259|2018|20.0|20|1
C00147231|32259|2018|74.0|220|1
C00147231|32259|2018|87.0|250|2
C00147231|32092|2018|60.0|60|1
C00147231|32092|2018|35.5|85|1
C00147231|32224|2018|100.0|100|1
C00034157|32224|2018|65.0|150|1
C00147231|32250|2018|50.0|50|1
C00147231|32250|2018|53.0|110|1
C00147231|32250|2018|103.0|210|2
C00147231|32003|2018|60.0|60|1
C00034157|32003|2018|72.0|160|1
C00034157|32003|2018|100.5|235|2
C00147231|32208|2018|30.0|30|1
C00147231|32246|2018|20.0|20|1
C00147231|32246|2018|26.0|60|1
C00147231|32034|2018|100.0|100|1
C00147231|32223|2018|20.0|20|1
C00147231|07726|2018|100.0|100|1
C00155440|07726|2018|100.0|200|1
C00155440|07726|2018|183.2|376|2
C00155440|07726|2018|201.7|503|3
C00147231|32256|2018|50.0|50|1
C00147231|32256|2018|29.0|70|1
C00147231|32256|2018|63.0|130|2
C00147231|94507|2018|416.0|416|1
C00147231|98275|2018|100.0|100|1
C00147231|07670|2018|400.0|400|1
C00147231|32578|2018|30.0|30|1
C00147231|07836|2018|400.0|400|1
C00147231|98053|2018|30.0|30|1
C00147231|32233|2018|50.0|50|1
C00147231|32233|2018|155.0|450|1
C00147231|32082|2018|100.0|100|1
C00147231|32082|2018|190.0|500|1
C00147231|94509|2018|100.0|100|1
C00147231|32241|2018|100.0|100|1
C00147231|32207|2018|50.0|50|1
C00434811|32207|2018|22.0|60|1
C00434811|32207|2018|25.0|70|2
C00147231|33076|2018|400.0|400|1
C00434811|33076|2018|137.5|425|1
C00434811|33076|2018|145.0|450|2
C00484451|36526|2018|19.0|19|1
C00484451|36526|2018|19.0|38|1
C00484451|36526|2018|24.7|57|2
C00484451|54016|2018|10.0|10|1
C00484451|54016|2018|10.0|20|1
C00484451|54016|2018|13.0|30|2
C00121319|54016|2018|177.0|550|3
C00484451|78108|2018|19.0|19|1
C00484451|78108|2018|19.0|38|1
C00484451|30518|2018|10.0|10|1
C00484451|30518|2018|10.0|20|1
C00484451|60506|2018|15.0|15|1
C00484451|60506|2018|15.0|30|1
C00484451|75070|2018|7.0|7|1
C00484451|75070|2018|7.8999999999999995|17|1
C00484451|75070|2018|23.299999999999997|55|2
C00484451|75070|2018|43.099999999999994|93|3
C00484451|75070|2018|41.199999999999996|112|4
C00484451|75070|2018|46.9|131|5
C00484451|75070|2018|65.89999999999999|169|6
C00484451|75070|2018|57.699999999999996|179|7
C00484451|75070|2018|58.599999999999994|186|8
C00484451|75070|2018|82.39999999999999|224|9
C00034157|75070|2018|84.7|249|10
C00034157|75070|2018|92.2|274|11
C00484451|72704|2018|38.0|38|1
C00484451|72704|2018|38.0|76|1
C00484451|74055|2018|10.0|10|1
C00484451|74055|2018|10.0|20|1
C00484451|74055|2018|13.0|30|2
C00484451|73170|2018|19.0|19|1
C00484451|73170|2018|19.0|38|1
C00484451|73170|2018|24.7|57|2
C00484451|80123|2018|20.0|20|1
C00484451|80123|2018|20.0|40|1
C00484451|80123|2018|26.0|60|2
C00484451|49424|2018|96.0|96|1
C00484451|49424|2018|39.3|111|1
C00484451|49424|2018|100.49999999999999|207|2
C00484451|49424|2018|72.6|222|3
C00484451|49424|2018|77.1|237|4
C00484451|49424|2018|138.29999999999998|333|5
C00484451|50073|2018|15.0|15|1
C00484451|50073|2018|15.0|30|1
C00484451|50073|2018|19.5|45|2
C00484451|50014|2018|40.0|40|1
C00484451|50014|2018|40.0|80|1
C00484451|50014|2018|52.0|120|2
C00484451|75013|2018|19.0|19|1
C00484451|75013|2018|12.7|29|1
C00484451|75013|2018|31.699999999999996|67|2
C00484451|75013|2018|46.699999999999996|105|3
C00484451|75013|2018|44.8|124|4
C00484451|75013|2018|44.199999999999996|134|5
C00484451|75013|2018|66.8|172|6
C00484451|75013|2018|78.2|210|7
C00484451|75013|2018|76.3|229|8
C00484451|75024|2018|96.0|96|1
C00484451|75024|2018|42.099999999999994|115|1
C00484451|75024|2018|61.099999999999994|153|2
C00484451|75024|2018|59.199999999999996|172|3
C00484451|75024|2018|78.2|210|4
C00484451|75024|2018|130.2|306|5
C00484451|95695|2018|10.0|10|1
C00484451|95695|2018|10.0|20|1
C00484451|22205|2018|40.0|40|1
C00484451|22205|2018|40.0|80|1
C00484451|75078|2018|10.0|10|1
C00484451|75078|2018|12.7|29|1
C00484451|75078|2018|22.7|49|2
C00484451|75078|2018|41.3|87|3
C00484451|75078|2018|39.4|106|4
C00484451|75078|2018|42.3|121|5
C00484451|75078|2018|49.599999999999994|140|6
C00484451|75078|2018|52.5|155|7
C00484451|75078|2018|64.0|180|8
C00484451|75078|2018|68.0|200|9
C00484451|75078|2018|86.6|238|10
C00484451|75078|2018|78.39999999999999|248|11
C00484451|75078|2018|87.69999999999999|267|12
C00484451|75071|2018|10.0|10|1
C00484451|75071|2018|10.0|20|1
C00484451|75071|2018|13.0|30|2
C00484451|75071|2018|32.4|68|3
C00484451|75071|2018|47.0|106|4
C00484451|75071|2018|38.8|116|5
C00484451|75071|2018|41.8|126|6
C00484451|75034|2018|96.0|96|1
C00484451|75034|2018|42.099999999999994|115|1
C00484451|75034|2018|47.8|134|2
C00484451|75034|2018|47.199999999999996|144|3
C00484451|75034|2018|110.39999999999998|240|4
C00484451|75034|2018|86.0|260|5
C00484451|75034|2018|92.0|280|6
C00484451|75034|2018|112.0|320|7
C00484451|75034|2018|103.0|330|8
C00484451|75034|2018|112.3|349|9
C00484451|75034|2018|118.0|368|10
C00484451|75034|2018|123.69999999999999|387|11
C00484451|75034|2018|144.1|427|12
C00484451|75034|2018|141.4|446|13
C00484451|78550|2018|19.0|19|1
C00484451|78550|2018|19.0|38|1
C00484451|75089|2018|10.0|10|1
C00484451|75089|2018|10.0|20|1
C00484451|47150|2018|20.0|20|1
C00484451|47150|2018|20.0|40|1
C00484451|49464|2018|20.0|20|1
C00484451|49464|2018|20.0|40|1
C00484451|49464|2018|26.0|60|2
C00484451|75033|2018|19.0|19|1
C00484451|75033|2018|19.0|38|1
C00484451|75033|2018|24.7|57|2
C00484451|75033|2018|43.699999999999996|95|3
C00484451|75033|2018|55.099999999999994|133|4
C00484451|75033|2018|53.199999999999996|152|5
C00484451|75033|2018|58.9|171|6
C00484451|32507|2018|96.0|96|1
C00484451|32507|2018|95.99999999999999|192|1
C00484451|32507|2018|124.79999999999998|288|2
C00484451|66221|2018|20.0|20|1
C00484451|66221|2018|31.4|78|1
C00484451|66221|2018|37.4|98|2
C00484451|66221|2018|70.0|156|3
C00484451|66221|2018|60.8|176|4
C00434811|66221|2018|59.8|186|5
C00434811|66221|2018|62.8|196|6
C00484451|77554|2018|15.0|15|1
C00484451|77554|2018|15.0|30|1
C00484451|77554|2018|19.5|45|2
C00484451|90601|2018|19.0|19|1
C00484451|90601|2018|19.0|38|1
C00484451|90601|2018|24.7|57|2
C00484451|44278|2018|19.0|19|1
C00484451|44278|2018|19.0|38|1
C00484451|44278|2018|24.7|57|2
C00484451|95621|2018|19.0|19|1
C00484451|95621|2018|19.0|38|1
C00484451|95661|2018|10.0|10|1
C00484451|95661|2018|10.0|20|1
C00484451|75002|2018|19.0|19|1
C00484451|75002|2018|19.0|38|1
C00484451|75098|2018|10.0|10|1
C00484451|75098|2018|12.7|29|1
C00484451|75098|2018|15.7|39|2
C00484451|75098|2018|22.2|54|3
C00484451|75098|2018|29.5|73|4
C00484451|75098|2018|35.199999999999996|92|5
C00484451|75098|2018|38.099999999999994|107|6
C00484451|75098|2018|39.1|117|7
C00484451|75098|2018|48.4|136|8
C00484451|75098|2018|47.8|146|9
C00484451|76092|2018|38.0|38|1
C00484451|76092|2018|38.0|76|1
C00434811|76092|2018|29.8|86|2
C00434811|76092|2018|32.8|96|3
C00361949|76092|2018|106.19999999999999|226|4
C00484451|75069|2018|38.0|38|1
C00484451|75069|2018|38.0|76|1
C00484451|30078|2018|10.0|10|1
C00484451|30078|2018|10.0|20|1
C00143867|30078|2018|16.5|35|2
C00143867|30078|2018|21.0|50|3
C00143867|30078|2018|25.5|65|4
C00484451|77007|2018|96.0|96|1
C00484451|77007|2018|95.99999999999999|192|1
C00484451|60504|2018|19.0|19|1
C00484451|60504|2018|19.0|38|1
C00484451|75025|2018|10.0|10|1
C00484451|75025|2018|10.0|20|1
C00484451|11501|2018|38.0|38|1
C00484451|11501|2018|38.0|76|1
C00484451|13156|2018|10.0|10|1
C00484451|13156|2018|10.0|20|1
C00484451|85297|2018|10.0|10|1
C00484451|85297|2018|10.0|20|1
C00484451|75287|2018|38.0|38|1
C00484451|75287|2018|24.7|57|1
C00484451|75287|2018|43.699999999999996|95|2
C00484451|75287|2018|41.8|114|3
C00484451|94533|2018|38.0|38|1
C00484451|94533|2018|38.0|76|1
C00484451|61434|2018|10.0|10|1
C00484451|61434|2018|10.0|20|1
C00484451|76001|2018|10.0|10|1
C00484451|76001|2018|10.0|20|1
C00484451|75225|2018|96.0|96|1
C00484451|75225|2018|95.99999999999999|192|1
C00484451|53402|2018|19.0|19|1
C00484451|53402|2018|19.0|38|1
C00484451|75229|2018|42.0|42|1
C00484451|75229|2018|42.0|84|1
C00484451|53406|2018|38.0|38|1
C00484451|53406|2018|38.0|76|1
C00484451|75035|2018|20.0|20|1
C00484451|75035|2018|20.0|40|1
C00484451|65065|2018|10.0|10|1
C00484451|65065|2018|10.0|20|1
C00484451|60614|2018|150.0|150|1
C00484451|60614|2018|150.0|300|1
C00484451|18062|2018|10.0|10|1
C00484451|18062|2018|10.0|20|1
C00484451|75093|2018|10.0|10|1
C00484451|75093|2018|10.0|20|1
C00484451|63126|2018|15.0|15|1
C00484451|63126|2018|15.0|30|1
C00484451|76226|2018|19.0|19|1
C00484451|76226|2018|19.0|38|1
C00034157|76226|2018|35.9|73|2
C00484451|75007|2018|20.0|20|1
C00484451|75007|2018|20.0|40|1
C00361949|75007|2018|67.0|170|2
C00484451|75019|2018|19.0|19|1
C00484451|75019|2018|19.0|38|1
C00361949|75019|2018|65.6|168|2
C00484451|83607|2018|5.0|5|1
C00484451|83607|2018|5.0|10|1
C00484451|60564|2018|100.0|100|1
C00484451|60564|2018|100.0|200|1
C00484451|75048|2018|10.0|10|1
C00484451|75048|2018|10.0|20|1
C00484451|33149|2018|19.0|19|1
C00484451|33149|2018|19.0|38|1
C00484451|75252|2018|20.0|20|1
C00484451|75252|2018|25.4|58|1
C00484451|75252|2018|31.4|78|2
C00484451|75252|2018|50.0|116|3
C00484451|60586|2018|38.0|38|1
C00484451|60586|2018|38.0|76|1
C00484451|98198|2018|40.0|40|1
C00484451|98198|2018|40.0|80|1
C00484451|46033|2018|19.0|19|1
C00484451|46033|2018|19.0|38|1
C00115832|46033|2018|41.599999999999994|88|2
C00115832|46033|2018|61.4|138|3
C00034157|46033|2018|63.8|170|4
C00484451|60453|2018|19.0|19|1
C00484451|75068|2018|130.0|130|1
C00484451|75068|2018|130.0|260|1
C00484451|94517|2018|96.0|96|1
C00484451|94517|2018|95.99999999999999|192|1
C00484451|94517|2018|70.89999999999999|211|2
C00484451|94517|2018|76.6|230|3
C00484451|98604|2018|20.0|20|1
C00484451|98604|2018|20.0|40|1
C00484451|14516|2018|15.0|15|1
C00484451|14516|2018|15.0|30|1
C00484451|75026|2018|25.0|25|1
C00484451|75026|2018|25.0|50|1
C00484451|55403|2018|15.0|15|1
C00484451|55403|2018|15.0|30|1
C00484451|92653|2018|20.0|20|1
C00484451|92653|2018|20.0|40|1
C00484451|98374|2018|38.0|38|1
C00484451|98374|2018|38.0|76|1
C00484451|08831|2018|20.0|20|1
C00484451|08831|2018|20.0|40|1
C00155440|08831|2018|50.8|116|2
C00155440|08831|2018|121.1|249|3
C00155440|08831|2018|166.39999999999998|380|4
C00155440|08831|2018|168.6|458|5
C00155440|08831|2018|264.8|640|6
C00484451|30152|2018|15.0|15|1
C00484451|30152|2018|15.0|30|1
C00034157|30152|2018|145.8|446|2
C00115832|47111|2018|41.0|41|1
C00115832|47111|2018|41.0|82|1
C00115832|47111|2018|53.3|123|2
C00115832|47124|2018|110.0|110|1
C00115832|47124|2018|68.0|160|1
C00115832|33872|2018|20.0|20|1
C00115832|33872|2018|20.0|40|1
C00115832|46143|2018|100.0|100|1
C00115832|46143|2018|100.0|200|1
C00115832|46220|2018|50.0|50|1
C00115832|46220|2018|50.0|100|1
C00115832|46750|2018|272.0|272|1
C00115832|46750|2018|152.29999999999998|373|1
C00115832|46947|2018|157.0|157|1
C00115832|46947|2018|84.19999999999999|210|1
C00115832|47122|2018|24.0|24|1
C00143867|30309|2018|100.0|100|1
C00143867|30309|2018|100.0|200|1
C00143867|30309|2018|130.0|300|2
C00143867|30309|2018|104.0|320|3
C00143867|30309|2018|110.0|340|4
C00143867|30309|2018|116.0|360|5
C00143867|30309|2018|178.0|460|6
C00143867|30309|2018|208.0|560|7
C00143867|30309|2018|238.0|660|8
C00143867|30309|2018|205.0|670|9
C00143867|30309|2018|208.0|680|10
C00143867|30309|2018|211.0|690|11
C00143867|30062|2018|20.0|20|1
C00143867|30062|2018|20.0|40|1
C00143867|30062|2018|26.0|60|2
C00143867|30318|2018|20.0|20|1
C00143867|30318|2018|20.0|40|1
C00143867|30318|2018|26.0|60|2
C00143867|30318|2018|32.0|80|3
C00143867|30318|2018|38.0|100|4
C00143867|30318|2018|44.0|120|5
C00143867|30066|2018|30.0|30|1
C00143867|30066|2018|30.0|60|1
C00143867|30066|2018|39.0|90|2
C00143867|30066|2018|34.0|100|3
C00143867|30066|2018|37.0|110|4
C00143867|30066|2018|40.0|120|5
C00143867|30305|2018|100.0|100|1
C00143867|30305|2018|100.0|200|1
C00143867|30305|2018|130.0|300|2
C00143867|30305|2018|160.0|400|3
C00143867|30305|2018|190.0|500|4
C00143867|30305|2018|220.0|600|5
C00143867|30305|2018|194.0|620|6
C00143867|30305|2018|200.0|640|7
C00143867|30305|2018|206.0|660|8
C00143867|01776|2018|10.0|10|1
C00143867|01776|2018|10.0|20|1
C00143867|01776|2018|13.0|30|2
C00143867|30071|2018|10.0|10|1
C00143867|30071|2018|10.0|20|1
C00143867|30071|2018|13.0|30|2
C00143867|30033|2018|15.0|15|1
C00143867|30033|2018|15.0|30|1
C00143867|30033|2018|19.5|45|2
C00143867|10956|2018|15.0|15|1
C00143867|10956|2018|15.0|30|1
C00143867|10956|2018|19.5|45|2
C00143867|30075|2018|15.0|15|1
C00143867|30075|2018|15.0|30|1
C00143867|30075|2018|19.5|45|2
C00143867|30075|2018|24.0|60|3
C00143867|30075|2018|28.5|75|4
C00143867|30075|2018|33.0|90|5
C00143867|30075|2018|51.5|125|6
C00143867|30075|2018|62.0|160|7
C00143867|30075|2018|72.5|195|8
C00143867|30075|2018|72.5|215|9
C00143867|30075|2018|78.5|235|10
C00143867|30075|2018|84.5|255|11
C00121319|30075|2018|146.5|355|12
C00034157|30075|2018|141.5|405|13
C00143867|30022|2018|20.0|20|1
C00143867|30022|2018|20.0|40|1
C00143867|30022|2018|22.5|55|2
C00143867|30022|2018|27.0|70|3
C00143867|30022|2018|31.5|85|4
C00143867|30022|2018|39.5|105|5
C00143867|30022|2018|42.0|120|6
C00143867|30022|2018|46.5|135|7
C00143867|30022|2018|51.0|150|8
C00434811|30022|2018|66.0|180|9
C00434811|30022|2018|75.0|210|10
C00143867|30132|2018|10.0|10|1
C00143867|30132|2018|10.0|20|1
C00143867|30132|2018|13.0|30|2
C00143867|20175|2018|15.0|15|1
C00143867|20175|2018|15.0|30|1
C00143867|20175|2018|19.5|45|2
C00143867|30005|2018|30.0|30|1
C00143867|30005|2018|30.0|60|1
C00143867|30005|2018|39.0|90|2
C00143867|30005|2018|41.0|110|3
C00143867|30005|2018|47.0|130|4
C00143867|30005|2018|53.0|150|5
C00143867|30084|2018|35.0|35|1
C00143867|30084|2018|35.0|70|1
C00143867|30084|2018|45.5|105|2
C00143867|30317|2018|15.0|15|1
C00143867|30317|2018|15.0|30|1
C00143867|30317|2018|19.5|45|2
C00143867|63128|2018|20.0|20|1
C00143867|63128|2018|20.0|40|1
C00143867|63128|2018|26.0|60|2
C00143867|30067|2018|25.0|25|1
C00143867|30067|2018|25.0|50|1
C00143867|30067|2018|32.5|75|2
C00143867|30329|2018|15.0|15|1
C00143867|30329|2018|15.0|30|1
C00143867|30329|2018|19.5|45|2
C00143867|63368|2018|10.0|10|1
C00143867|63368|2018|10.0|20|1
C00143867|63368|2018|13.0|30|2
C00143867|43227|2018|20.0|20|1
C00143867|43227|2018|20.0|40|1
C00143867|43227|2018|26.0|60|2
C00143867|30064|2018|20.0|20|1
C00143867|30064|2018|20.0|40|1
C00143867|30064|2018|26.0|60|2
C00143867|30064|2018|28.5|75|3
C00143867|30064|2018|33.0|90|4
C00143867|30064|2018|37.5|105|5
C00034157|30064|2018|56.0|140|6
C00143867|20817|2018|20.0|20|1
C00143867|20817|2018|20.0|40|1
C00143867|20817|2018|26.0|60|2
C00345603|20817|2018|266.7|809|3
C00143867|30324|2018|15.0|15|1
C00143867|30324|2018|15.0|30|1
C00143867|30324|2018|19.5|45|2
C00143867|30269|2018|45.0|45|1
C00143867|30269|2018|45.0|90|1
C00143867|30269|2018|58.5|135|2
C00143867|29605|2018|20.0|20|1
C00143867|29605|2018|20.0|40|1
C00143867|29605|2018|26.0|60|2
C00143867|30041|2018|15.0|15|1
C00143867|30041|2018|15.0|30|1
C00143867|30041|2018|19.5|45|2
C00143867|30041|2018|24.0|60|3
C00143867|30041|2018|32.0|80|4
C00143867|30041|2018|38.0|100|5
C00143867|30041|2018|44.0|120|6
C00143867|30041|2018|46.5|135|7
C00143867|30041|2018|51.0|150|8
C00143867|30092|2018|50.0|50|1
C00143867|30092|2018|50.0|100|1
C00143867|30092|2018|65.0|150|2
C00143867|30189|2018|30.0|30|1
C00143867|30189|2018|30.0|60|1
C00143867|30189|2018|39.0|90|2
C00143867|30189|2018|41.0|110|3
C00143867|30189|2018|47.0|130|4
C00143867|30189|2018|53.0|150|5
C00143867|30082|2018|15.0|15|1
C00143867|30082|2018|15.0|30|1
C00143867|30082|2018|19.5|45|2
C00034157|30082|2018|21.9|57|3
C00034157|30082|2018|25.499999999999996|69|4
C00143867|30307|2018|10.0|10|1
C00143867|30307|2018|10.0|20|1
C00143867|30307|2018|13.0|30|2
C00143867|30328|2018|20.0|20|1
C00143867|30328|2018|20.0|40|1
C00143867|30328|2018|26.0|60|2
C00143867|30328|2018|25.0|70|3
C00143867|30328|2018|28.0|80|4
C00143867|30328|2018|31.0|90|5
C00143867|30101|2018|10.0|10|1
C00143867|30101|2018|10.0|20|1
C00143867|30101|2018|13.0|30|2
C00143867|30040|2018|10.0|10|1
C00143867|30040|2018|23.5|65|1
C00143867|30040|2018|58.0|120|2
C00143867|30040|2018|74.5|175|3
C00143867|30040|2018|59.5|185|4
C00143867|30040|2018|62.5|195|5
C00143867|30004|2018|30.0|30|1
C00143867|30004|2018|30.0|60|1
C00143867|30004|2018|39.0|90|2
C00143867|30004|2018|41.0|110|3
C00143867|30004|2018|47.0|130|4
C00143867|30004|2018|53.0|150|5
C00434811|30004|2018|52.0|160|6
C00434811|30004|2018|55.0|170|7
C00034157|30004|2018|68.5|195|8
C00034157|30004|2018|142.5|315|9
C00143867|30068|2018|15.0|15|1
C00143867|30068|2018|15.0|30|1
C00143867|30068|2018|19.5|45|2
C00143867|30290|2018|10.0|10|1
C00143867|30290|2018|10.0|20|1
C00143867|30290|2018|13.0|30|2
C00143867|63011|2018|15.0|15|1
C00143867|63011|2018|15.0|30|1
C00143867|63011|2018|19.5|45|2
C00034157|63011|2018|27.5|65|3
C00143867|30201|2018|25.0|25|1
C00143867|30201|2018|25.0|50|1
C00143867|30201|2018|32.5|75|2
C00143867|30052|2018|30.0|30|1
C00143867|30052|2018|30.0|60|1
C00143867|30052|2018|39.0|90|2
C00143867|30306|2018|20.0|20|1
C00143867|30306|2018|20.0|40|1
C00143867|30306|2018|26.0|60|2
C00143867|30281|2018|20.0|20|1
C00143867|30281|2018|20.0|40|1
C00143867|30281|2018|26.0|60|2
C00143867|63146|2018|15.0|15|1
C00143867|63146|2018|15.0|30|1
C00143867|63146|2018|19.5|45|2
C00121319|54913|2018|260.0|260|1
C00121319|54913|2018|169.0|390|1
C00121319|54913|2018|208.0|520|2
C00121319|54913|2018|247.0|650|3
C00121319|54913|2018|377.0|910|4
C00121319|54913|2018|364.0|1040|5
C00121319|54913|2018|494.0|1300|6
C00121319|78737|2018|130.0|130|1
C00121319|54911|2018|130.0|130|1
C00121319|55426|2018|130.0|130|1
C00121319|55432|2018|130.0|130|1
C00121319|55315|2018|130.0|130|1
C00121319|54115|2018|130.0|130|1
C00121319|55105|2018|130.0|130|1
C00121319|55427|2018|130.0|130|1
C00121319|55311|2018|130.0|130|1
C00121319|54130|2018|130.0|130|1
C00121319|54130|2018|130.0|260|1
C00121319|54914|2018|130.0|130|1
C00121319|54914|2018|130.0|260|1
C00121319|54914|2018|279.5|585|2
C00121319|53202|2018|210.0|210|1
C00121319|55108|2018|130.0|130|1
C00121319|55443|2018|130.0|130|1
C00121319|91320|2018|130.0|130|1
C00121319|48108|2018|975.0|975|1
C00121319|55113|2018|130.0|130|1
C00121319|55113|2018|130.0|260|1
C00121319|55113|2018|260.0|520|2
C00121319|54915|2018|130.0|130|1
C00121319|54915|2018|130.0|260|1
C00121319|55331|2018|130.0|130|1
C00121319|55369|2018|130.0|130|1
C00121319|55112|2018|130.0|130|1
C00121319|85248|2018|130.0|130|1
C00121319|55417|2018|130.0|130|1
C00121319|66224|2018|520.0|520|1
C00434811|66224|2018|165.8|534|1
C00434811|66224|2018|170.0|548|2
C00121319|46062|2018|260.0|260|1
C00121319|16066|2018|195.0|195|1
C00121319|44313|2018|260.0|260|1
C00121319|55406|2018|130.0|130|1
C00121319|55347|2018|130.0|130|1
C00121319|55347|2018|383.5|1105|1
C00121319|48114|2018|130.0|130|1
C00121319|54956|2018|1560.0|1560|1
C00121319|54956|2018|1656.0|3440|1
C00121319|54956|2018|1714.5|4415|2
C00121319|77433|2018|130.0|130|1
C00434811|77433|2018|46.0|140|1
C00434811|77433|2018|49.0|150|2
C00034157|77433|2018|62.5|175|3
C00121319|55305|2018|2496.0|2496|1
C00121319|55379|2018|180.0|180|1
C00121319|55129|2018|325.0|325|1
C00121319|55410|2018|130.0|130|1
C00121319|55410|2018|169.0|390|1
C00121319|94920|2018|520.0|520|1
C00121319|33811|2018|260.0|260|1
C00121319|64157|2018|260.0|260|1
C00121319|32118|2018|520.0|520|1
C00121319|48130|2018|650.0|650|1
C00121319|92009|2018|390.0|390|1
C00121319|97213|2018|130.0|130|1
C00121319|32771|2018|130.0|130|1
C00121319|54902|2018|130.0|130|1
C00121319|55337|2018|130.0|130|1
C00121319|53590|2018|130.0|130|1
C00034157|53590|2018|53.0|150|1
C00034157|53590|2018|73.0|190|2
C00121319|43085|2018|120.0|120|1
C00121319|85050|2018|130.0|130|1
C00121319|55416|2018|2496.0|2496|1
C00434811|55416|2018|756.5|2507|1
C00434811|55416|2018|759.8000000000001|2518|2
C00121319|55044|2018|130.0|130|1
C00121319|34787|2018|130.0|130|1
C00121319|74114|2018|130.0|130|1
C00121319|63021|2018|130.0|130|1
C00121319|50021|2018|130.0|130|1
C00121319|55346|2018|130.0|130|1
C00121319|75009|2018|130.0|130|1
C00121319|55025|2018|195.0|195|1
C00121319|55340|2018|260.0|260|1
C00121319|55116|2018|520.0|520|1
C00121319|15044|2018|130.0|130|1
C00121319|55419|2018|390.0|390|1
C00121319|55124|2018|520.0|520|1
C00121319|55356|2018|260.0|260|1
C00121319|55102|2018|2496.0|2496|1
C00121319|44060|2018|240.0|240|1
C00121319|55436|2018|195.0|195|1
C00397893|94539|2018|20.0|20|1
C00397893|94539|2018|20.0|40|1
C00397893|90630|2018|20.0|20|1
C00397893|90630|2018|20.0|40|1
C00397893|90732|2018|40.0|40|1
C00397893|90732|2018|29.5|65|1
C00397893|90732|2018|37.0|90|2
C00397893|90732|2018|55.0|130|3
C00397893|90815|2018|20.0|20|1
C00397893|90815|2018|20.0|40|1
C00397893|22101|2018|100.0|100|1
C00397893|22101|2018|100.0|200|1
C00034157|22101|2018|95.0|250|2
C00034157|22101|2018|110.0|300|3
C00397893|98116|2018|20.0|20|1
C00397893|98116|2018|20.0|40|1
C00397893|92679|2018|20.0|20|1
C00397893|92679|2018|20.0|40|1
C00434811|92679|2018|19.0|50|2
C00434811|92679|2018|22.0|60|3
C00397893|31328|2018|20.0|20|1
C00397893|31328|2018|20.0|40|1
C00397893|85658|2018|30.0|30|1
C00397893|85658|2018|30.0|60|1
C00434811|92651|2018|10.0|10|1
C00434811|92651|2018|10.0|20|1
C00434811|63124|2018|10.0|10|1
C00434811|63124|2018|10.0|20|1
C00434811|66207|2018|25.0|25|1
C00434811|66207|2018|25.0|50|1
C00434811|66061|2018|10.0|10|1
C00434811|66061|2018|10.0|20|1
C00434811|66061|2018|21.5|45|2
C00434811|66061|2018|31.0|70|3
C00434811|91941|2018|20.0|20|1
C00434811|91941|2018|20.0|40|1
C00434811|19355|2018|10.0|10|1
C00434811|19355|2018|10.0|20|1
C00434811|19355|2018|13.0|30|2
C00434811|19355|2018|16.0|40|3
C00434811|19355|2018|19.0|50|4
C00434811|19355|2018|22.0|60|5
C00434811|19355|2018|87.0|210|6
C00434811|19355|2018|168.0|360|7
C00434811|19355|2018|125.5|385|8
C00434811|19355|2018|133.0|410|9
C00422501|19355|2018|158.0|460|10
C00434811|43068|2018|20.0|20|1
C00434811|43068|2018|20.0|40|1
C00434811|19425|2018|50.0|50|1
C00434811|19425|2018|50.0|100|1
C00434811|19425|2018|47.5|125|2
C00434811|19425|2018|55.0|150|3
C00422501|19425|2018|59.0|170|4
C00434811|19382|2018|20.0|20|1
C00434811|19382|2018|15.799999999999999|34|1
C00434811|19382|2018|20.0|48|2
C00434811|19382|2018|21.4|58|3
C00434811|19382|2018|24.4|68|4
C00345603|19382|2018|100.1|243|5
C00434811|11743|2018|10.0|10|1
C00434811|11743|2018|10.0|20|1
C00034157|11743|2018|76.4|228|2
C00034157|11743|2018|214.0|436|3
C00434811|18940|2018|10.0|10|1
C00434811|18940|2018|10.0|20|1
C00155440|18940|2018|78.5|235|2
C00434811|07739|2018|20.0|20|1
C00434811|07739|2018|20.0|40|1
C00434811|33556|2018|10.0|10|1
C00434811|33556|2018|10.0|20|1
C00434811|29681|2018|10.0|10|1
C00434811|29681|2018|10.0|20|1
C00434811|64152|2018|30.0|30|1
C00434811|64152|2018|30.0|60|1
C00434811|77406|2018|10.0|10|1
C00434811|77406|2018|10.0|20|1
C00434811|19446|2018|10.0|10|1
C00434811|19446|2018|10.0|20|1
C00345603|19446|2018|126.5|395|2
C00434811|33405|2018|10.0|10|1
C00434811|33405|2018|10.0|20|1
C00434811|18966|2018|14.0|14|1
C00434811|18966|2018|14.0|28|1
C00434811|64133|2018|14.0|14|1
C00434811|64133|2018|14.0|28|1
C00434811|11563|2018|10.0|10|1
C00434811|11563|2018|10.0|20|1
C00434811|11783|2018|14.0|14|1
C00434811|11783|2018|14.0|28|1
C00434811|92782|2018|40.0|40|1
C00434811|92782|2018|40.0|80|1
C00434811|70447|2018|10.0|10|1
C00434811|70447|2018|10.0|20|1
C00434811|06379|2018|10.0|10|1
C00434811|06379|2018|10.0|20|1
C00434811|63017|2018|10.0|10|1
C00434811|63017|2018|10.0|20|1
C00434811|33547|2018|25.0|25|1
C00434811|33547|2018|25.0|50|1
C00434811|85224|2018|30.0|30|1
C00434811|85224|2018|30.0|60|1
C00434811|02828|2018|10.0|10|1
C00434811|02828|2018|10.0|20|1
C00434811|38632|2018|10.0|10|1
C00434811|38632|2018|10.0|20|1
C00434811|13066|2018|20.0|20|1
C00434811|13066|2018|20.0|40|1
C00434811|95356|2018|15.0|15|1
C00434811|95356|2018|15.0|30|1
C00434811|08560|2018|10.0|10|1
C00434811|08560|2018|10.0|20|1
C00434811|17050|2018|15.0|15|1
C00434811|17050|2018|15.0|30|1
C00434811|47630|2018|10.0|10|1
C00434811|47630|2018|10.0|20|1
C00434811|03079|2018|25.0|25|1
C00434811|03079|2018|25.0|50|1
C00434811|76051|2018|10.0|10|1
C00434811|76051|2018|10.0|20|1
C00434811|48382|2018|10.0|10|1
C00434811|48382|2018|10.0|20|1
C00434811|28443|2018|10.0|10|1
C00434811|28443|2018|10.0|20|1
C00434811|35976|2018|10.0|10|1
C00434811|35976|2018|10.0|20|1
C00434811|78132|2018|10.0|10|1
C00434811|78132|2018|10.0|20|1
C00434811|35124|2018|25.0|25|1
C00434811|37934|2018|20.0|20|1
C00434811|37934|2018|20.0|40|1
C00434811|11724|2018|50.0|50|1
C00434811|11724|2018|50.0|100|1
C00434811|19301|2018|10.0|10|1
C00434811|19301|2018|10.0|20|1
C00434811|32164|2018|20.0|20|1
C00434811|32164|2018|20.0|40|1
C00434811|66217|2018|14.0|14|1
C00434811|66217|2018|14.0|28|1
C00434811|66213|2018|20.0|20|1
C00434811|66213|2018|20.0|40|1
C00434811|66213|2018|29.5|65|2
C00434811|66213|2018|37.0|90|3
C00434811|46037|2018|10.0|10|1
C00434811|46037|2018|10.0|20|1
C00434811|08054|2018|10.0|10|1
C00434811|08054|2018|10.0|20|1
C00434811|32141|2018|40.0|40|1
C00434811|32141|2018|40.0|80|1
C00434811|02356|2018|10.0|10|1
C00434811|02356|2018|10.0|20|1
C00434811|64081|2018|10.0|10|1
C00434811|64081|2018|13.0|30|1
C00434811|64081|2018|23.0|50|2
C00434811|64081|2018|22.0|60|3
C00434811|93010|2018|10.0|10|1
C00434811|93010|2018|10.0|20|1
C00434811|93010|2018|13.0|30|2
C00434811|93010|2018|16.0|40|3
C00434811|94515|2018|10.0|10|1
C00434811|94515|2018|10.0|20|1
C00434811|92120|2018|10.0|10|1
C00434811|92120|2018|10.0|20|1
C00434811|37215|2018|100.0|100|1
C00434811|25313|2018|25.0|25|1
C00434811|25313|2018|25.0|50|1
C00434811|18444|2018|10.0|10|1
C00434811|18444|2018|10.0|20|1
C00434811|66205|2018|10.0|10|1
C00434811|66205|2018|10.0|20|1
C00434811|76034|2018|10.0|10|1
C00434811|76034|2018|10.0|20|1
C00434811|64155|2018|25.0|25|1
C00434811|64155|2018|25.0|50|1
C00434811|64155|2018|24.799999999999997|64|2
C00434811|64155|2018|29.0|78|3
C00434811|20721|2018|14.0|14|1
C00434811|20721|2018|14.0|28|1
C00434811|94114|2018|14.0|14|1
C00434811|94114|2018|14.0|28|1
C00434811|78641|2018|25.0|25|1
C00434811|78641|2018|25.0|50|1
C00434811|18901|2018|10.0|10|1
C00434811|18901|2018|10.0|20|1
C00434811|06488|2018|15.0|15|1
C00434811|06488|2018|15.0|30|1
C00434811|64082|2018|100.0|100|1
C00434811|64082|2018|100.0|200|1
C00434811|19087|2018|10.0|10|1
C00434811|19087|2018|10.0|20|1
C00434811|19087|2018|21.5|45|2
C00434811|19087|2018|31.0|70|3
C00434811|19087|2018|28.0|80|4
C00434811|19087|2018|31.0|90|5
C00361949|19087|2018|141.0|350|6
C00434811|01756|2018|19.0|19|1
C00434811|01756|2018|19.0|38|1
C00434811|19067|2018|35.0|35|1
C00434811|19067|2018|35.0|70|1
C00155440|19067|2018|93.1|217|2
C00155440|19067|2018|188.29999999999998|393|3
C00155440|19067|2018|239.7|567|4
C00434811|28173|2018|10.0|10|1
C00434811|28173|2018|10.0|20|1
C00422501|28173|2018|20.0|40|2
C00434811|91701|2018|10.0|10|1
C00434811|91701|2018|10.0|20|1
C00034157|91701|2018|20.0|40|2
C00434811|48182|2018|10.0|10|1
C00434811|48182|2018|10.0|20|1
C00434811|19341|2018|20.0|20|1
C00434811|19341|2018|20.0|40|1
C00434811|22124|2018|25.0|25|1
C00434811|22124|2018|25.0|50|1
C00434811|17522|2018|10.0|10|1
C00434811|17522|2018|10.0|20|1
C00434811|19454|2018|10.0|10|1
C00434811|19454|2018|10.0|20|1
C00434811|19454|2018|13.0|30|2
C00434811|19454|2018|16.0|40|3
C00434811|19454|2018|26.0|60|4
C00434811|19454|2018|32.0|80|5
C00434811|19454|2018|31.0|90|6
C00434811|19454|2018|34.0|100|7
C00434811|19454|2018|100.0|200|8
C00434811|19454|2018|130.0|300|9
C00434811|95366|2018|10.0|10|1
C00434811|95366|2018|10.0|20|1
C00434811|19046|2018|38.0|38|1
C00434811|19046|2018|38.0|76|1
C00434811|77705|2018|10.0|10|1
C00434811|77705|2018|10.0|20|1
C00434811|80206|2018|25.0|25|1
C00434811|80206|2018|25.0|50|1
C00434811|07626|2018|14.0|14|1
C00434811|07626|2018|14.0|28|1
C00434811|19027|2018|10.0|10|1
C00434811|19027|2018|10.0|20|1
C00434811|19335|2018|10.0|10|1
C00434811|19335|2018|10.0|20|1
C00434811|19335|2018|13.0|30|2
C00434811|19335|2018|16.0|40|3
C00434811|19335|2018|29.5|65|4
C00434811|19335|2018|37.0|90|5
C00345603|19335|2018|167.7|439|6
C00434811|01950|2018|15.0|15|1
C00434811|01950|2018|15.0|30|1
C00434811|32174|2018|10.0|10|1
C00434811|32174|2018|10.0|20|1
C00434811|64113|2018|10.0|10|1
C00434811|64113|2018|10.0|20|1
C00434811|23113|2018|10.0|10|1
C00434811|23113|2018|10.0|20|1
C00434811|28032|2018|14.0|14|1
C00434811|28032|2018|14.0|28|1
C00434811|19073|2018|10.0|10|1
C00434811|19073|2018|10.0|20|1
C00434811|19008|2018|10.0|10|1
C00434811|19008|2018|10.0|20|1
C00361949|19008|2018|53.0|150|2
C00434811|18925|2018|10.0|10|1
C00434811|18925|2018|10.0|20|1
C00434811|10028|2018|25.0|25|1
C00434811|10028|2018|25.0|50|1
C00034157|10028|2018|32.5|75|2
C00434811|60563|2018|10.0|10|1
C00434811|60563|2018|10.0|20|1
C00434811|46055|2018|10.0|10|1
C00434811|46055|2018|10.0|20|1
C00434811|73049|2018|10.0|10|1
C00434811|73049|2018|10.0|20|1
C00434811|48076|2018|25.0|25|1
C00434811|48076|2018|25.0|50|1
C00434811|40383|2018|10.0|10|1
C00434811|40383|2018|10.0|20|1
C00434811|18976|2018|20.0|20|1
C00434811|18976|2018|20.0|40|1
C00434811|18976|2018|19.0|50|2
C00434811|18976|2018|22.0|60|3
C00434811|55391|2018|20.0|20|1
C00434811|55391|2018|20.0|40|1
C00434811|44107|2018|10.0|10|1
C00434811|19343|2018|10.0|10|1
C00434811|19343|2018|10.0|20|1
C00434811|28461|2018|10.0|10|1
C00434811|28461|2018|10.0|20|1
C00434811|02360|2018|10.0|10|1
C00434811|02360|2018|10.0|20|1
C00434811|92590|2018|10.0|10|1
C00434811|92590|2018|10.0|20|1
C00434811|59106|2018|10.0|10|1
C00434811|59106|2018|10.0|20|1
C00434811|29464|2018|10.0|10|1
C00434811|29464|2018|10.0|20|1
C00434811|07054|2018|15.0|15|1
C00434811|07054|2018|15.0|30|1
C00434811|07054|2018|16.0|40|2
C00434811|07054|2018|19.0|50|3
C00434811|07054|2018|22.0|60|4
C00434811|07054|2018|25.0|70|5
C00434811|20002|2018|50.0|50|1
C00434811|20002|2018|50.0|100|1
C00434811|92660|2018|10.0|10|1
C00434811|92660|2018|10.0|20|1
C00434811|98332|2018|20.0|20|1
C00434811|98332|2018|20.0|40|1
C00434811|33131|2018|20.0|20|1
C00434811|33131|2018|20.0|40|1
C00434811|18944|2018|10.0|10|1
C00434811|18944|2018|10.0|20|1
C00434811|66030|2018|10.0|10|1
C00434811|66030|2018|10.0|20|1
C00434811|92624|2018|10.0|10|1
C00434811|92624|2018|10.0|20|1
C00434811|19010|2018|25.0|25|1
C00434811|19010|2018|25.0|50|1
C00434811|23321|2018|10.0|10|1
C00434811|23321|2018|10.0|20|1
C00434811|48070|2018|10.0|10|1
C00434811|48070|2018|10.0|20|1
C00434811|48324|2018|10.0|10|1
C00434811|48324|2018|10.0|20|1
C00434811|37922|2018|10.0|10|1
C00434811|37922|2018|10.0|20|1
C00034157|37922|2018|30.5|75|2
C00034157|37922|2018|78.0|160|3
C00434811|49071|2018|15.0|15|1
C00434811|49071|2018|15.0|30|1
C00434811|80304|2018|10.0|10|1
C00434811|80304|2018|10.0|20|1
C00434811|18902|2018|25.0|25|1
C00434811|18902|2018|25.0|50|1
C00434811|20814|2018|150.0|150|1
C00434811|20814|2018|150.0|300|1
C00434811|35634|2018|14.0|14|1
C00434811|35634|2018|14.0|28|1
C00434811|32081|2018|10.0|10|1
C00434811|32081|2018|10.0|20|1
C00434811|95405|2018|10.0|10|1
C00434811|95405|2018|10.0|20|1
C00434811|77429|2018|10.0|10|1
C00434811|77429|2018|10.0|20|1
C00434811|92128|2018|10.0|10|1
C00434811|92128|2018|10.0|20|1
C00434811|02879|2018|10.0|10|1
C00434811|02879|2018|10.0|20|1
C00434811|18923|2018|20.0|20|1
C00434811|18923|2018|20.0|40|1
C00434811|66209|2018|15.0|15|1
C00434811|66209|2018|15.0|30|1
C00434811|76107|2018|14.0|14|1
C00434811|76107|2018|14.0|28|1
C00034157|76107|2018|22.4|48|2
C00434811|48446|2018|10.0|10|1
C00434811|48446|2018|10.0|20|1
C00434811|64034|2018|10.0|10|1
C00434811|64034|2018|10.0|20|1
C00434811|63104|2018|10.0|10|1
C00434811|63104|2018|10.0|20|1
C00434811|98272|2018|15.0|15|1
C00434811|98272|2018|15.0|30|1
C00434811|14450|2018|20.0|20|1
C00434811|14450|2018|20.0|40|1
C00434811|02364|2018|10.0|10|1
C00434811|02364|2018|10.0|20|1
C00434811|60026|2018|10.0|10|1
C00434811|60026|2018|10.0|20|1
C00434811|23662|2018|10.0|10|1
C00434811|23662|2018|10.0|20|1
C00434811|85331|2018|10.0|10|1
C00434811|85331|2018|10.0|20|1
C00434811|07039|2018|20.0|20|1
C00434811|07039|2018|20.0|40|1
C00434811|30809|2018|10.0|10|1
C00434811|30809|2018|10.0|20|1
C00546101|06897|2018|19.0|19|1
C00546101|06897|2018|19.0|38|1
C00546101|06897|2018|24.7|57|2
C00546101|06897|2018|62.7|133|3
C00546101|06897|2018|93.1|209|4
C00546101|06897|2018|115.89999999999999|285|5
C00546101|10036|2018|57.0|57|1
C00546101|10036|2018|57.0|114|1
C00546101|10036|2018|111.19999999999999|224|2
C00546101|10036|2018|144.2|334|3
C00546101|10036|2018|177.2|444|4
C00546101|10036|2018|175.2|504|5
C00546101|10036|2018|193.2|564|6
C00546101|10036|2018|211.2|624|7
C00546101|10036|2018|213.79999999999998|662|8
C00546101|10036|2018|225.2|700|9
C00546101|10036|2018|236.6|738|10
C00546101|10036|2018|261.3|795|11
C00546101|10036|2018|252.5|815|12
C00546101|10036|2018|258.5|835|13
C00546101|10036|2018|264.5|855|14
C00546101|10036|2018|291.5|905|15
C00546101|10036|2018|306.5|955|16
C00546101|10036|2018|321.5|1005|17
C00546101|20006|2018|76.0|76|1
C00546101|20006|2018|76.0|152|1
C00546101|20006|2018|98.8|228|2
C00546101|20006|2018|202.79999999999995|420|3
C00546101|20006|2018|260.4|612|4
C00546101|20006|2018|318.0|804|5
C00546101|20006|2018|375.59999999999997|996|6
C00546101|20006|2018|433.2|1188|7
C00546101|20006|2018|490.79999999999995|1380|8
C00132282|20006|2018|428.7|1401|9
C00132282|20006|2018|435.0|1422|10
C00132282|20006|2018|441.29999999999995|1443|11
C00132282|20006|2018|439.9|1453|12
C00132282|20006|2018|442.9|1463|13
C00132282|20006|2018|453.59999999999997|1484|14
C00132282|20006|2018|452.2|1494|15
C00132282|20006|2018|523.1|1601|16
C00132282|20006|2018|555.1999999999999|1708|17
C00132282|20006|2018|519.4|1718|18
C00132282|20006|2018|522.4|1728|19
C00132282|20006|2018|525.4|1738|20
C00132282|20006|2018|528.4|1748|21
C00132282|20006|2018|531.4|1758|22
C00546101|10007|2018|192.0|192|1
C00546101|10007|2018|191.99999999999997|384|1
C00546101|10007|2018|249.59999999999997|576|2
C00546101|10007|2018|237.89999999999998|669|3
C00546101|10007|2018|265.79999999999995|762|4
C00155440|07720|2018|700.0|700|1
C00155440|07720|2018|380.79999999999995|944|1
C00155440|07719|2018|182.0|182|1
C00155440|07719|2018|150.5|319|1
C00155440|07719|2018|144.7|389|2
C00155440|07719|2018|255.29999999999998|587|3
C00155440|08527|2018|212.0|212|1
C00155440|08527|2018|139.89999999999998|321|1
C00155440|08527|2018|189.39999999999998|454|2
C00155440|08527|2018|281.79999999999995|662|3
C00155440|08527|2018|306.4|816|4
C00155440|08527|2018|339.29999999999995|951|5
C00155440|08527|2018|440.0|1172|6
C00155440|08527|2018|452.4|1316|7
C00155440|08527|2018|526.4|1504|8
C00155440|08527|2018|484.79999999999995|1552|9
C00155440|08527|2018|588.0999999999999|1727|10
C00155440|08527|2018|639.2|1900|11
C00155440|08527|2018|717.7|2111|12
C00155440|08527|2018|778.1999999999999|2318|13
C00155440|08527|2018|806.6999999999999|2477|14
C00155440|08094|2018|136.0|136|1
C00155440|08094|2018|69.5|177|1
C00155440|85142|2018|137.0|137|1
C00155440|08736|2018|124.0|124|1
C00155440|46322|2018|87.0|87|1
C00155440|07731|2018|154.0|154|1
C00155440|07731|2018|162.4|336|1
C00155440|07731|2018|221.89999999999998|509|2
C00155440|08723|2018|171.0|171|1
C00155440|08723|2018|88.39999999999999|224|1
C00155440|08723|2018|168.0|368|2
C00155440|08723|2018|294.5|631|3
C00155440|08723|2018|289.4|774|4
C00155440|08723|2018|355.4|950|5
C00155440|08723|2018|406.8|1124|6
C00155440|08723|2018|457.59999999999997|1296|7
C00155440|08759|2018|167.0|167|1
C00155440|08619|2018|254.0|254|1
C00155440|08619|2018|186.8|412|1
C00155440|08619|2018|267.79999999999995|618|2
C00155440|08619|2018|310.0|796|3
C00155440|08619|2018|354.29999999999995|961|4
C00155440|08003|2018|130.0|130|1
C00345603|08003|2018|136.0|280|1
C00155440|08816|2018|212.0|212|1
C00155440|08816|2018|218.29999999999995|445|1
C00155440|08816|2018|314.1|703|2
C00155440|08816|2018|376.79999999999995|940|3
C00155440|08816|2018|454.9|1187|4
C00155440|08731|2018|167.0|167|1
C00155440|08731|2018|136.2|290|1
C00155440|08731|2018|199.7|451|2
C00155440|08731|2018|238.2|598|3
C00155440|08731|2018|302.6|774|4
C00155440|08731|2018|327.4|910|5
C00155440|08731|2018|445.2|1156|6
C00155440|07727|2018|154.0|154|1
C00155440|07727|2018|173.5|373|1
C00155440|08807|2018|168.0|168|1
C00155440|08807|2018|144.2|302|1
C00155440|07753|2018|173.0|173|1
C00155440|07753|2018|180.79999999999998|372|1
C00155440|07753|2018|223.6|532|2
C00155440|07753|2018|275.09999999999997|697|3
C00155440|07753|2018|312.7|845|4
C00155440|08505|2018|182.0|182|1
C00155440|08505|2018|94.5|239|1
C00155440|08505|2018|181.6|396|2
C00155440|08505|2018|167.1|465|3
C00155440|07728|2018|59.0|59|1
C00155440|07728|2018|91.1|225|1
C00155440|07728|2018|194.89999999999998|407|2
C00155440|07728|2018|250.89999999999998|591|3
C00155440|07728|2018|257.09999999999997|705|4
C00155440|07728|2018|259.1|773|5
C00155440|07728|2018|414.59999999999997|1034|6
C00155440|08724|2018|173.0|173|1
C00155440|08724|2018|164.6|334|1
C00155440|08724|2018|252.09999999999997|551|2
C00155440|08724|2018|303.9|749|3
C00155440|08724|2018|358.4|940|4
C00155440|08724|2018|418.5|1135|5
C00155440|08724|2018|465.8|1314|6
C00155440|08820|2018|194.0|194|1
C00155440|08533|2018|258.0|258|1
C00155440|08533|2018|103.29999999999998|295|1
C00155440|08533|2018|207.5|465|2
C00155440|08533|2018|260.6|638|3
C00155440|08533|2018|309.0|806|4
C00155440|08533|2018|330.7|933|5
C00155440|08533|2018|415.69999999999993|1127|6
C00155440|08722|2018|126.0|126|1
C00155440|08722|2018|138.6|294|1
C00155440|08722|2018|235.89999999999998|505|2
C00155440|08618|2018|231.0|231|1
C00155440|08757|2018|151.0|151|1
C00155440|08757|2018|84.5|207|1
C00155440|08060|2018|67.0|67|1
C00155440|08060|2018|103.9|257|1
C00155440|08515|2018|200.0|200|1
C00155440|08515|2018|240.2|534|1
C00155440|08515|2018|259.59999999999997|676|2
C00155440|08515|2018|321.79999999999995|846|3
C00155440|08515|2018|374.9|1019|4
C00155440|08753|2018|143.0|143|1
C00155440|08753|2018|148.39999999999998|304|1
C00155440|08753|2018|197.6|456|2
C00155440|08753|2018|168.29999999999998|501|3
C00155440|08753|2018|267.9|669|4
C00155440|08753|2018|356.79999999999995|892|5
C00155440|08753|2018|383.09999999999997|1057|6
C00155440|08753|2018|429.09999999999997|1217|7
C00155440|08753|2018|477.79999999999995|1378|8
C00155440|08753|2018|515.5999999999999|1524|9
C00155440|08753|2018|577.6|1696|10
C00155440|08753|2018|573.9|1789|11
C00155440|08753|2018|626.3|1917|12
C00155440|08753|2018|709.5|2109|13
C00155440|08753|2018|766.3999999999999|2300|14
C00155440|08753|2018|806.2|2466|15
C00155440|08753|2018|914.0999999999999|2715|16
C00155440|08852|2018|204.0|204|1
C00155440|08742|2018|169.0|169|1
C00155440|08742|2018|145.89999999999998|305|1
C00155440|08742|2018|238.5|515|2
C00155440|08742|2018|300.79999999999995|724|3
C00155440|08742|2018|297.0|838|4
C00155440|08742|2018|328.4|948|5
C00155440|19020|2018|186.0|186|1
C00155440|07932|2018|148.0|148|1
C00155440|06351|2018|14.0|14|1
C00155440|08691|2018|197.0|197|1
C00155440|08691|2018|178.79999999999998|368|1
C00155440|08691|2018|230.79999999999998|540|2
C00155440|08540|2018|90.0|90|1
C00155440|07701|2018|156.0|156|1
C00155440|07701|2018|178.5|387|1
C00155440|08628|2018|114.0|114|1
C00155440|08638|2018|76.0|76|1
C00155440|08638|2018|122.5|307|1
C00155440|08620|2018|60.0|60|1
C00155440|07095|2018|222.0|222|1
C00155440|08550|2018|39.0|39|1
C00034157|08550|2018|23.599999999999998|56|1
C00034157|08550|2018|28.7|73|2
C00034157|08550|2018|82.6|178|3
C00034157|08550|2018|126.9|283|4
C00155440|08755|2018|208.0|208|1
C00155440|08755|2018|210.7|425|1
C00155440|08755|2018|245.1|593|2
C00155440|19056|2018|174.0|174|1
C00155440|08610|2018|182.0|182|1
C00155440|08610|2018|185.29999999999998|375|1
C00155440|07920|2018|79.0|79|1
C00155440|27587|2018|152.0|152|1
C00155440|07758|2018|241.0|241|1
C00155440|07758|2018|242.2|486|1
C00155440|07006|2018|198.0|198|1
C00155440|07735|2018|8.0|8|1
C00155440|18302|2018|165.0|165|1
C00155440|76262|2018|132.0|132|1
C00155440|08005|2018|70.0|70|1
C00155440|08005|2018|108.1|267|1
C00155440|07008|2018|232.0|232|1
C00155440|08690|2018|301.0|301|1
C00155440|07067|2018|33.0|33|1
C00155440|08536|2018|68.0|68|1
C00155440|08520|2018|159.0|159|1
C00155440|08520|2018|72.19999999999999|194|1
C00034157|08520|2018|75.69999999999999|219|2
C00034157|08520|2018|83.2|244|3
C00155440|08854|2018|75.0|75|1
C00034157|08854|2018|177.3|491|1
C00155440|08721|2018|166.0|166|1
C00155440|19047|2018|109.0|109|1
C00155440|18040|2018|182.0|182|1
C00155440|08087|2018|228.0|228|1
C00155440|08087|2018|181.79999999999998|390|1
C00034157|08087|2018|148.5|435|2
C00034157|08087|2018|144.5|455|3
C00155440|07737|2018|120.0|120|1
C00155440|08075|2018|252.0|252|1
C00155440|43528|2018|101.0|101|1
C00345603|17036|2018|249.0|249|1
C00345603|20155|2018|975.0|975|1
C00345603|19002|2018|599.0|599|1
C00345603|80126|2018|249.0|249|1
C00345603|20194|2018|130.0|130|1
C00345603|19380|2018|175.0|175|1
C00345603|20190|2018|174.0|174|1
C00345603|20152|2018|76.0|76|1
C00345603|22307|2018|349.0|349|1
C00345603|22309|2018|249.0|249|1
C00345603|20016|2018|349.0|349|1
C00345603|48306|2018|300.0|300|1
C00034157|31829|2018|41.0|41|1
C00034157|31829|2018|41.0|82|1
C00034157|75248|2018|10.0|10|1
C00034157|75248|2018|10.0|20|1
C00034157|70360|2018|25.0|25|1
C00034157|77339|2018|50.0|50|1
C00034157|77339|2018|32.5|75|1
C00034157|77339|2018|43.5|105|2
C00034157|95831|2018|30.0|30|1
C00034157|77027|2018|20.0|20|1
C00034157|77027|2018|20.0|40|1
C00034157|29707|2018|10.0|10|1
C00034157|29707|2018|10.0|20|1
C00034157|34239|2018|59.0|59|1
C00034157|34239|2018|59.0|118|1
C00034157|31904|2018|30.0|30|1
C00034157|31904|2018|26.5|55|1
C00034157|31904|2018|34.0|80|2
C00034157|31904|2018|32.4|92|3
C00034157|31904|2018|36.0|104|4
C00034157|31904|2018|48.7|129|5
C00034157|31904|2018|56.199999999999996|154|6
C00034157|31904|2018|54.599999999999994|166|7
C00034157|31904|2018|58.199999999999996|178|8
C00034157|31904|2018|71.6|204|9
C00034157|31904|2018|134.0|308|10
C00034157|31904|2018|165.2|412|11
C00034157|31904|2018|144.6|442|12
C00034157|31904|2018|278.2|650|13
C00034157|31904|2018|340.6|858|14
C00034157|31904|2018|292.4|908|15
C00034157|31904|2018|307.4|958|16
C00034157|31904|2018|301.4|978|17
C00034157|31904|2018|307.4|998|18
C00034157|31904|2018|316.9|1023|19
C00034157|31904|2018|324.4|1048|20
C00034157|31904|2018|322.79999999999995|1060|21
C00034157|31904|2018|326.4|1072|22
C00034157|31904|2018|356.59999999999997|1122|23
C00034157|31904|2018|371.59999999999997|1172|24
C00034157|31904|2018|380.29999999999995|1213|25
C00034157|31904|2018|392.59999999999997|1254|26
C00034157|31904|2018|395.09999999999997|1281|27
C00034157|31904|2018|403.2|1308|28
C00034157|31904|2018|538.0|1516|29
C00034157|31904|2018|600.4|1724|30
C00034157|31904|2018|662.8|1932|31
C00034157|31904|2018|725.2|2140|32
C00034157|08824|2018|25.0|25|1
C00034157|08824|2018|25.0|50|1
C00034157|19464|2018|20.0|20|1
C00034157|29072|2018|41.0|41|1
C00034157|29072|2018|41.0|82|1
C00034157|29072|2018|31.599999999999998|92|2
C00034157|29072|2018|34.599999999999994|102|3
C00034157|31909|2018|10.0|10|1
C00034157|31909|2018|10.0|20|1
C00034157|31909|2018|21.5|45|2
C00034157|31909|2018|31.0|70|3
C00034157|31909|2018|38.5|95|4
C00034157|31909|2018|46.0|120|5
C00034157|31909|2018|43.0|130|6
C00034157|31909|2018|46.0|140|7
C00034157|31909|2018|59.5|165|8
C00034157|31909|2018|67.0|190|9
C00034157|31909|2018|64.0|200|10
C00034157|31909|2018|67.0|210|11
C00034157|31909|2018|98.0|260|12
C00034157|31909|2018|95.5|285|13
C00034157|31909|2018|103.0|310|14
C00034157|31909|2018|122.4|352|15
C00034157|31909|2018|135.0|394|16
C00034157|31909|2018|153.2|444|17
C00034157|39507|2018|104.0|104|1
C00034157|39507|2018|104.0|208|1
C00034157|22407|2018|125.0|125|1
C00034157|32571|2018|25.0|25|1
C00034157|32571|2018|47.5|125|1
C00034157|31822|2018|25.0|25|1
C00034157|31822|2018|25.0|50|1
C00034157|08021|2018|25.0|25|1
C00034157|46307|2018|25.0|25|1
C00034157|48864|2018|50.0|50|1
C00034157|34638|2018|50.0|50|1
C00034157|33427|2018|208.0|208|1
C00034157|33427|2018|208.0|416|1
C00034157|46032|2018|35.0|35|1
C00034157|60010|2018|25.0|25|1
C00034157|10541|2018|20.0|20|1
C00034157|10541|2018|20.0|40|1
C00034157|31906|2018|25.0|25|1
C00034157|31906|2018|25.0|50|1
C00034157|31906|2018|50.0|100|2
C00034157|31906|2018|65.0|150|3
C00034157|31906|2018|52.0|160|4
C00034157|31906|2018|55.0|170|5
C00034157|31906|2018|58.0|180|6
C00034157|31906|2018|61.0|190|7
C00034157|31906|2018|74.5|215|8
C00034157|31906|2018|82.0|240|9
C00034157|31906|2018|80.4|252|10
C00034157|31906|2018|84.0|264|11
C00034157|31906|2018|86.2|274|12
C00034157|31906|2018|89.2|284|13
C00034157|31906|2018|172.7|409|14
C00034157|31906|2018|210.2|534|15
C00034157|31906|2018|177.7|559|16
C00034157|31906|2018|186.6|586|17
C00034157|31906|2018|194.7|613|18
C00034157|31820|2018|15.0|15|1
C00034157|31820|2018|15.0|30|1
C00034157|31820|2018|26.5|55|2
C00034157|31820|2018|34.0|80|3
C00034157|31820|2018|31.0|90|4
C00034157|31820|2018|34.0|100|5
C00034157|31820|2018|37.0|110|6
C00034157|31820|2018|50.5|135|7
C00034157|31820|2018|58.0|160|8
C00034157|31820|2018|56.4|172|9
C00034157|31820|2018|60.0|184|10
C00034157|31820|2018|65.69999999999999|199|11
C00034157|31820|2018|70.19999999999999|214|12
C00034157|31820|2018|81.7|239|13
C00034157|31820|2018|89.2|264|14
C00034157|31820|2018|96.7|289|15
C00034157|31820|2018|104.2|314|16
C00034157|31820|2018|101.2|324|17
C00034157|31820|2018|104.2|334|18
C00034157|31820|2018|107.2|344|19
C00034157|31820|2018|131.9|385|20
C00034157|31820|2018|144.2|426|21
C00034157|31820|2018|134.8|436|22
C00034157|31820|2018|137.79999999999998|446|23
C00034157|31820|2018|203.79999999999998|546|24
C00034157|31820|2018|233.79999999999998|646|25
C00034157|31820|2018|202.2|658|26
C00034157|31820|2018|205.8|670|27
C00034157|31820|2018|218.5|695|28
C00034157|31820|2018|226.0|720|29
C00034157|31820|2018|223.0|730|30
C00034157|31820|2018|226.0|740|31
C00034157|29063|2018|12.0|12|1
C00034157|29063|2018|11.999999999999998|24|1
C00034157|94523|2018|20.0|20|1
C00034157|31088|2018|25.0|25|1
C00034157|31088|2018|25.0|50|1
C00034157|02852|2018|85.0|85|1
C00034157|02852|2018|43.0|110|1
C00034157|02852|2018|50.5|135|2
C00034157|78232|2018|20.0|20|1
C00034157|06443|2018|20.0|20|1
C00034157|10598|2018|100.0|100|1
C00034157|10598|2018|44.0|120|1
C00034157|10598|2018|106.0|220|2
C00034157|37027|2018|20.0|20|1
C00361949|37027|2018|53.0|150|1
C00034157|60521|2018|25.0|25|1
C00034157|32955|2018|75.0|75|1
C00034157|20874|2018|50.0|50|1
C00034157|10523|2018|26.0|26|1
C00034157|10523|2018|26.0|52|1
C00034157|22308|2018|41.0|41|1
C00034157|22308|2018|41.0|82|1
C00361949|22308|2018|447.4|1382|2
C00034157|75243|2018|25.0|25|1
C00034157|31901|2018|104.0|104|1
C00034157|31901|2018|135.2|312|1
C00034157|31901|2018|239.2|520|2
C00034157|31901|2018|228.1|623|3
C00034157|31901|2018|259.0|726|4
C00034157|31901|2018|290.59999999999997|830|5
C00034157|31901|2018|394.6|1038|6
C00034157|31901|2018|457.0|1246|7
C00034157|31907|2018|10.0|10|1
C00034157|31907|2018|10.0|20|1
C00034157|31907|2018|26.6|62|2
C00034157|31907|2018|48.0|104|3
C00034157|31907|2018|104.0|208|4
C00034157|31907|2018|135.2|312|5
C00034157|31907|2018|100.6|322|6
C00034157|31907|2018|103.6|332|7
C00034157|60118|2018|50.0|50|1
C00034157|29205|2018|10.0|10|1
C00034157|29205|2018|10.0|20|1
C00034157|29205|2018|26.299999999999997|61|2
C00034157|29205|2018|47.0|102|3
C00034157|25701|2018|100.0|100|1
C00034157|92081|2018|10.0|10|1
C00034157|92081|2018|10.0|20|1
C00034157|06906|2018|26.0|26|1
C00034157|06906|2018|26.0|52|1
C00034157|20607|2018|100.0|100|1
C00034157|10005|2018|45.0|45|1
C00034157|10005|2018|46.5|95|1
C00034157|11777|2018|41.0|41|1
C00034157|11777|2018|41.0|82|1
C00034157|07092|2018|25.0|25|1
C00034157|07092|2018|25.0|50|1
C00034157|60714|2018|50.0|50|1
C00034157|10023|2018|10.0|10|1
C00034157|10023|2018|10.0|20|1
C00034157|75006|2018|25.0|25|1
C00034157|76712|2018|20.0|20|1
C00034157|76712|2018|21.5|45|1
C00034157|36870|2018|41.0|41|1
C00034157|36870|2018|41.0|82|1
C00034157|36870|2018|42.099999999999994|107|2
C00034157|36870|2018|49.6|132|3
C00034157|36870|2018|46.6|142|4
C00034157|36870|2018|49.6|152|5
C00034157|19711|2018|35.0|35|1
C00034157|50131|2018|50.0|50|1
C00034157|50131|2018|110.0|300|1
C00034157|92123|2018|20.0|20|1
C00034157|90045|2018|100.0|100|1
C00034157|31808|2018|125.0|125|1
C00034157|31808|2018|125.0|250|1
C00034157|31808|2018|92.5|275|2
C00034157|31808|2018|100.0|300|3
C00034157|31808|2018|125.0|350|4
C00034157|31808|2018|113.4|362|5
C00034157|31808|2018|117.0|374|6
C00034157|31808|2018|119.2|384|7
C00034157|31808|2018|122.19999999999999|394|8
C00034157|31808|2018|153.2|444|9
C00034157|31808|2018|168.2|494|10
C00034157|31808|2018|155.2|504|11
C00034157|31808|2018|158.2|514|12
C00034157|77573|2018|50.0|50|1
C00034157|21078|2018|416.0|416|1
C00034157|29212|2018|12.0|12|1
C00034157|29212|2018|11.999999999999998|24|1
C00034157|98052|2018|5.0|5|1
C00034157|98052|2018|18.799999999999997|56|1
C00034157|48088|2018|25.0|25|1
C00034157|89135|2018|20.0|20|1
C00034157|01890|2018|85.0|85|1
C00034157|10305|2018|416.0|416|1
C00034157|87111|2018|40.0|40|1
C00034157|87111|2018|40.0|80|1
C00034157|78703|2018|50.0|50|1
C00034157|78703|2018|50.0|100|1
C00034157|10016|2018|50.0|50|1
C00034157|10016|2018|50.0|100|1
C00034157|77365|2018|50.0|50|1
C00034157|26508|2018|120.0|120|1
C00034157|20011|2018|25.0|25|1
C00034157|20011|2018|25.0|50|1
C00034157|36856|2018|25.0|25|1
C00034157|36856|2018|25.0|50|1
C00034157|54703|2018|25.0|25|1
C00034157|54703|2018|21.5|45|1
C00034157|54455|2018|20.0|20|1
C00034157|31801|2018|12.0|12|1
C00034157|31801|2018|11.999999999999998|24|1
C00034157|31836|2018|15.0|15|1
C00034157|31836|2018|15.0|30|1
C00034157|31836|2018|26.5|55|2
C00034157|31836|2018|34.0|80|3
C00034157|28202|2018|25.0|25|1
C00034157|30339|2018|208.0|208|1
C00034157|30339|2018|208.0|416|1
C00034157|10591|2018|416.0|416|1
C00034157|36867|2018|10.0|10|1
C00034157|36867|2018|10.0|20|1
C00034157|36867|2018|21.5|45|2
C00034157|36867|2018|31.0|70|3
C00034157|55303|2018|20.0|20|1
C00034157|10708|2018|25.0|25|1
C00034157|30736|2018|25.0|25|1
C00034157|31804|2018|15.0|15|1
C00034157|31804|2018|15.0|30|1
C00034157|31804|2018|26.5|55|2
C00034157|31804|2018|34.0|80|3
C00034157|31804|2018|87.2|184|4
C00034157|31804|2018|128.0|288|5
C00034157|83686|2018|25.0|25|1
C00034157|29801|2018|25.0|25|1
C00034157|19064|2018|20.0|20|1
C00034157|30076|2018|25.0|25|1
C00034157|21030|2018|50.0|50|1
C00034157|21030|2018|50.0|100|1
C00034157|77459|2018|20.0|20|1
C00034157|35806|2018|25.0|25|1
C00034157|08081|2018|25.0|25|1
C00034157|70816|2018|85.0|85|1
C00034157|78133|2018|50.0|50|1
C00034157|78133|2018|32.5|75|1
C00034157|78133|2018|40.0|100|2
C00034157|33418|2018|25.0|25|1
C00034157|20850|2018|210.0|210|1
C00034157|07760|2018|15.0|15|1
C00034157|07760|2018|15.0|30|1
C00034157|08012|2018|10.0|10|1
C00034157|08012|2018|13.0|30|1
C00034157|73507|2018|25.0|25|1
C00034157|70592|2018|208.0|208|1
C00034157|70592|2018|208.0|416|1
C00034157|77077|2018|25.0|25|1
C00034157|06461|2018|100.0|100|1
C00034157|06461|2018|130.0|300|1
C00034157|19125|2018|50.0|50|1
C00034157|06034|2018|104.0|104|1
C00034157|06034|2018|104.0|208|1
C00034157|94104|2018|75.0|75|1
C00034157|48706|2018|85.0|85|1
C00034157|93907|2018|25.0|25|1
C00034157|74012|2018|45.0|45|1
C00034157|40245|2018|25.0|25|1
C00034157|40245|2018|25.0|50|1
C00034157|85027|2018|100.0|100|1
C00034157|85027|2018|115.0|250|1
C00034157|78676|2018|208.0|208|1
C00034157|78676|2018|208.0|416|1
C00034157|12866|2018|30.0|30|1
C00034157|12866|2018|30.0|60|1
C00034157|39110|2018|20.0|20|1
C00034157|42301|2018|40.0|40|1
C00034157|38017|2018|200.0|200|1
C00034157|31220|2018|25.0|25|1
C00034157|31220|2018|25.0|50|1
C00034157|21797|2018|208.0|208|1
C00034157|21797|2018|208.0|416|1
C00034157|92620|2018|50.0|50|1
C00034157|92620|2018|50.0|100|1
C00034157|10014|2018|104.0|104|1
C00034157|10014|2018|104.0|208|1
C00034157|23229|2018|75.0|75|1
C00034157|33487|2018|25.0|25|1
C00034157|07042|2018|25.0|25|1
C00034157|07042|2018|25.0|50|1
C00034157|57201|2018|208.0|208|1
C00034157|57201|2018|208.0|416|1
C00034157|68133|2018|20.0|20|1
C00034157|68133|2018|20.0|40|1
C00034157|31811|2018|41.0|41|1
C00034157|31811|2018|41.0|82|1
C00034157|10031|2018|45.0|45|1
C00034157|07052|2018|50.0|50|1
C00034157|07052|2018|50.0|100|1
C00034157|29206|2018|10.0|10|1
C00034157|29206|2018|10.0|20|1
C00034157|11753|2018|35.0|35|1
C00034157|30214|2018|104.0|104|1
C00034157|30214|2018|104.0|208|1
C00034157|35022|2018|25.0|25|1
C00034157|46241|2018|25.0|25|1
C00034157|36804|2018|75.0|75|1
C00034157|36804|2018|75.0|150|1
C00034157|07928|2018|25.0|25|1
C00034157|07928|2018|25.0|50|1
C00034157|11741|2018|45.0|45|1
C00034157|30024|2018|25.0|25|1
C00034157|15317|2018|75.0|75|1
C00034157|79423|2018|25.0|25|1
C00034157|11530|2018|208.0|208|1
C00034157|11530|2018|208.0|416|1
C00034157|37135|2018|35.0|35|1
C00034157|20005|2018|25.0|25|1
C00034157|20005|2018|25.0|50|1
C00034157|10021|2018|100.0|100|1
C00034157|10021|2018|100.0|200|1
C00034157|27858|2018|20.0|20|1
C00034157|43016|2018|100.0|100|1
C00034157|68137|2018|10.0|10|1
C00034157|68137|2018|10.0|20|1
C00034157|43551|2018|25.0|25|1
C00034157|36874|2018|25.0|25|1
C00034157|36874|2018|25.0|50|1
C00034157|31522|2018|50.0|50|1
C00034157|31522|2018|25.5|65|1
C00034157|22314|2018|25.0|25|1
C00034157|22314|2018|25.0|50|1
C00034157|20724|2018|40.0|40|1
C00034157|01752|2018|100.0|100|1
C00034157|39705|2018|25.0|25|1
C00034157|10069|2018|10.0|10|1
C00034157|10069|2018|10.0|20|1
C00034157|31831|2018|50.0|50|1
C00034157|31831|2018|50.0|100|1
C00034157|70471|2018|50.0|50|1
C00034157|70471|2018|50.0|100|1
C00034157|20111|2018|25.0|25|1
C00034157|50322|2018|208.0|208|1
C00034157|50322|2018|208.0|416|1
C00034157|48034|2018|20.0|20|1
C00034157|02466|2018|25.0|25|1
C00034157|02466|2018|77.5|225|1
C00034157|44023|2018|20.0|20|1
C00034157|07071|2018|85.0|85|1
C00034157|37205|2018|25.0|25|1
C00034157|85704|2018|25.0|25|1
C00034157|87144|2018|25.0|25|1
C00034157|87144|2018|25.0|50|1
C00034157|90025|2018|100.0|100|1
C00034157|07024|2018|15.0|15|1
C00034157|07024|2018|15.0|30|1
C00034157|12065|2018|20.0|20|1
C00034157|55447|2018|12.0|12|1
C00034157|55447|2018|11.999999999999998|24|1
C00034157|55447|2018|15.599999999999998|36|2
C00034157|55447|2018|19.199999999999996|48|3
C00034157|95602|2018|50.0|50|1
C00034157|95602|2018|23.4|62|1
C00034157|15237|2018|100.0|100|1
C00034157|12211|2018|416.0|416|1
C00034157|08528|2018|12.0|12|1
C00034157|08528|2018|11.999999999999998|24|1
C00034157|22191|2018|41.0|41|1
C00034157|22191|2018|41.0|82|1
C00034157|42303|2018|25.0|25|1
C00034157|36877|2018|10.0|10|1
C00034157|36877|2018|10.0|20|1
C00034157|19009|2018|35.0|35|1
C00034157|32809|2018|300.0|300|1
C00034157|45140|2018|75.0|75|1
C00034157|35094|2018|50.0|50|1
C00034157|11357|2018|25.0|25|1
C00490037|35805|2018|10.0|10|1
C00490037|35805|2018|22.0|60|1
C00490037|35805|2018|53.0|110|2
C00490037|35805|2018|68.0|160|3
C00490037|35805|2018|55.0|170|4
C00490037|35805|2018|58.0|180|5
C00215202|85021|2018|15.0|15|1
C00215202|85021|2018|15.0|30|1
C00215202|85021|2018|19.5|45|2
C00215202|85021|2018|20.5|55|3
C00215202|85021|2018|23.5|65|4
C00215202|85021|2018|30.0|80|5
C00215202|85021|2018|34.5|95|6
C00215202|85021|2018|39.0|110|7
C00215202|85021|2018|43.5|125|8
C00215202|85021|2018|44.5|135|9
C00215202|85021|2018|47.5|145|10
C00215202|85021|2018|57.5|165|11
C00215202|85021|2018|63.5|185|12
C00215202|85021|2018|69.5|205|13
C00215202|85021|2018|75.5|225|14
C00215202|85021|2018|81.5|245|15
C00215202|85021|2018|87.5|265|16
C00215202|85021|2018|93.5|285|17
C00215202|85021|2018|103.0|310|18
C00215202|85021|2018|110.5|335|19
C00215202|85021|2018|107.5|345|20
C00215202|85021|2018|110.5|355|21
C00215202|85021|2018|113.5|365|22
C00215202|85021|2018|137.5|405|23
C00215202|85021|2018|149.5|445|24
C00215202|85021|2018|161.5|485|25
C00215202|85021|2018|156.0|500|26
C00215202|85021|2018|160.5|515|27
C00215202|85021|2018|165.0|530|28
C00215202|85021|2018|169.5|545|29
C00215202|85021|2018|170.5|555|30
C00215202|85021|2018|173.5|565|31
C00215202|85021|2018|176.5|575|32
C00215202|85021|2018|179.5|585|33
C00215202|85021|2018|186.0|600|34
C00215202|85021|2018|187.0|610|35
C00215202|85021|2018|190.0|620|36
C00215202|85021|2018|193.0|630|37
C00215202|85021|2018|199.5|645|38
C00215202|85021|2018|204.0|660|39
C00215202|85021|2018|208.5|675|40
C00215202|85021|2018|213.0|690|41
C00215202|85021|2018|214.0|700|42
C00215202|85021|2018|217.0|710|43
C00215202|85021|2018|223.5|725|44
C00215202|85021|2018|228.0|740|45
C00215202|85021|2018|232.5|755|46
C00215202|85021|2018|233.5|765|47
C00215202|85021|2018|236.5|775|48
C00215202|85021|2018|239.5|785|49
C00215202|85021|2018|253.0|810|50
C00215202|85021|2018|260.5|835|51
C00215202|85021|2018|257.5|845|52
C00215202|85021|2018|260.5|855|53
C00215202|85021|2018|263.5|865|54
C00215202|85021|2018|266.5|875|55
C00215202|85021|2018|269.5|885|56
C00215202|85021|2018|272.5|895|57
C00215202|85021|2018|279.0|910|58
C00215202|85021|2018|283.5|925|59
C00215202|85021|2018|295.0|950|60
C00215202|85021|2018|302.5|975|61
C00215202|85021|2018|303.0|990|62
C00215202|85021|2018|307.5|1005|63
C00215202|85021|2018|312.0|1020|64
C00215202|85021|2018|316.5|1035|65
C00215202|85021|2018|321.0|1050|66
C00215202|85021|2018|325.5|1065|67
C00215202|85021|2018|337.0|1090|68
C00215202|85021|2018|344.5|1115|69
C00215202|85021|2018|352.0|1140|70
C00215202|85021|2018|359.5|1165|71
C00215202|85021|2018|356.5|1175|72
C00215202|85021|2018|359.5|1185|73
C00215202|85021|2018|373.0|1210|74
C00215202|85021|2018|380.5|1235|75
C00215202|85021|2018|377.5|1245|76
C00215202|85021|2018|380.5|1255|77
C00215202|85021|2018|383.5|1265|78
C00215202|85021|2018|386.5|1275|79
C00215202|85021|2018|389.5|1285|80
C00215202|85021|2018|392.5|1295|81
C00215202|85021|2018|416.5|1335|82
C00215202|85021|2018|428.5|1375|83
C00215202|85021|2018|440.5|1415|84
C00215202|85021|2018|442.0|1440|85
C00215202|85021|2018|449.5|1465|86
C00215202|85021|2018|457.0|1490|87
C00215202|85021|2018|464.5|1515|88
C00215202|85021|2018|472.0|1540|89
C00215202|85021|2018|479.5|1565|90
C00215202|85021|2018|497.5|1605|91
C00215202|85021|2018|509.5|1645|92
C00215202|85021|2018|521.5|1685|93
C00215202|85021|2018|533.5|1725|94
C00215202|85021|2018|524.5|1735|95
C00215202|85021|2018|538.0|1760|96
C00215202|85021|2018|545.5|1785|97
C00215202|85021|2018|560.0|1820|98
C00215202|85021|2018|570.5|1855|99
C00215202|85021|2018|563.5|1865|100
C00215202|85021|2018|570.0|1880|101
C00215202|85021|2018|581.5|1905|102
C00215202|85021|2018|589.0|1930|103
C00215202|85021|2018|596.5|1955|104
C00215202|85021|2018|604.0|1980|105
C00215202|85021|2018|601.0|1990|106
C00215202|85021|2018|604.0|2000|107
C00215202|85021|2018|608.4|2012|108
C00215202|85021|2018|612.0|2024|109
C00215202|85021|2018|615.5999999999999|2036|110
C00215202|85021|2018|619.1999999999999|2048|111
C00215202|85021|2018|638.9|2083|112
C00215202|85021|2018|649.4|2118|113
C00215202|85021|2018|659.9|2153|114
C00215202|85021|2018|670.4|2188|115
C00215202|85021|2018|673.9|2213|116
C00215202|85021|2018|681.4|2238|117
C00215202|85021|2018|681.9|2253|118
C00215202|85021|2018|686.4|2268|119
C00215202|85021|2018|690.9|2283|120
C00215202|85021|2018|691.9|2293|121
C00215202|85021|2018|694.9|2303|122
C00215202|85021|2018|697.9|2313|123
C00215202|85021|2018|700.9|2323|124
C00215202|85021|2018|703.9|2333|125
C00215202|85021|2018|706.9|2343|126
C00215202|85021|2018|709.9|2353|127
C00215202|85021|2018|716.4|2368|128
C00215202|85021|2018|727.9|2393|129
C00215202|85021|2018|735.4|2418|130
C00215202|85021|2018|742.9|2443|131
C00215202|85021|2018|750.4|2468|132
C00215202|85021|2018|757.9|2493|133
C00215202|85021|2018|775.9|2533|134
C00215202|85021|2018|777.4|2558|135
C00215202|85021|2018|774.4|2568|136
C00215202|85021|2018|780.9|2583|137
C00215202|85021|2018|792.4|2608|138
C00215202|85021|2018|799.9|2633|139
C00215202|85021|2018|807.4|2658|140
C00215202|85021|2018|807.9|2673|141
C00215202|85021|2018|812.4|2688|142
C00215202|85021|2018|816.9|2703|143
C00215202|85021|2018|821.4|2718|144
C00215202|85021|2018|832.9|2743|145
C00215202|85021|2018|840.4|2768|146
C00215202|85021|2018|837.4|2778|147
C00215202|85021|2018|840.4|2788|148
C00215202|85021|2018|860.9|2823|149
C00215202|85021|2018|864.4|2848|150
C00215202|85021|2018|878.9|2883|151
C00215202|85021|2018|882.4|2908|152
C00215202|85021|2018|889.9|2933|153
C00215202|85021|2018|897.4|2958|154
C00215202|85021|2018|901.4|2978|155
C00215202|85021|2018|910.9|3003|156
C00215202|85021|2018|914.9|3023|157
C00215202|85021|2018|920.9|3043|158
C00215202|85021|2018|926.9|3063|159
C00215202|85021|2018|932.9|3083|160
C00215202|85021|2018|942.4|3108|161
C00215202|85021|2018|949.9|3133|162
C00215202|85021|2018|950.4|3148|163
C00215202|85021|2018|954.9|3163|164
C00215202|85021|2018|959.4|3178|165
C00215202|85021|2018|963.9|3193|166
C00215202|85021|2018|964.9|3203|167
C00215202|85021|2018|967.9|3213|168
C00215202|85021|2018|988.4|3248|169
C00215202|85021|2018|998.9|3283|170
C00215202|85021|2018|1009.4|3318|171
C00215202|85021|2018|1019.9|3353|172
C00215202|85021|2018|1030.4|3388|173
C00215202|85021|2018|1040.9|3423|174
C00215202|85021|2018|1051.3999999999999|3458|175
C00215202|85021|2018|1047.8999999999999|3473|176
C00215202|85021|2018|1052.3999999999999|3488|177
C00215202|85021|2018|1056.8999999999999|3503|178
C00215202|85021|2018|1061.3999999999999|3518|179
C00215202|85021|2018|1069.3999999999999|3538|180
C00215202|85021|2018|1078.8999999999999|3563|181
C00215202|85021|2018|1086.3999999999999|3588|182
C00215202|85021|2018|1093.8999999999999|3613|183
C00215202|85021|2018|1101.3999999999999|3638|184
C00215202|85021|2018|1112.3999999999999|3668|185
C00215202|85021|2018|1121.3999999999999|3698|186
C00215202|85021|2018|1130.3999999999999|3728|187
C00215202|85021|2018|1139.3999999999999|3758|188
C00215202|85021|2018|1134.3999999999999|3768|189
C00215202|85021|2018|1140.8999999999999|3783|190
C00215202|85021|2018|1145.3999999999999|3798|191
C00215202|85021|2018|1146.3999999999999|3808|192
C00215202|85021|2018|1149.3999999999999|3818|193
C00215202|85021|2018|1152.3999999999999|3828|194
C00215202|85021|2018|1158.8999999999999|3843|195
C00215202|85021|2018|1177.3999999999999|3878|196
C00215202|85021|2018|1177.3999999999999|3898|197
C00215202|85021|2018|1183.3999999999999|3918|198
C00215202|85021|2018|1189.3999999999999|3938|199
C00215202|85021|2018|1195.3999999999999|3958|200
C00215202|85021|2018|1197.8999999999999|3973|201
C00215202|85021|2018|1202.3999999999999|3988|202
C00215202|85021|2018|1206.8999999999999|4003|203
C00215202|85021|2018|1211.3999999999999|4018|204
C00215202|85021|2018|1215.8999999999999|4033|205
C00215202|85021|2018|1220.3999999999999|4048|206
C00215202|85021|2018|1224.8999999999999|4063|207
C00215202|85021|2018|1229.3999999999999|4078|208
C00215202|85021|2018|1233.8999999999999|4093|209
C00215202|85021|2018|1238.3999999999999|4108|210
C00215202|85021|2018|1242.8999999999999|4123|211
C00215202|85021|2018|1247.3999999999999|4138|212
C00215202|85021|2018|1248.3999999999999|4148|213
C00215202|85021|2018|1254.8999999999999|4163|214
C00215202|85021|2018|1259.3999999999999|4178|215
C00215202|85021|2018|1263.8999999999999|4193|216
C00215202|85021|2018|1264.8999999999999|4203|217
C00215202|85021|2018|1267.8999999999999|4213|218
C00215202|85021|2018|1274.3999999999999|4228|219
C00215202|85021|2018|1278.8999999999999|4243|220
C00215202|85021|2018|1283.3999999999999|4258|221
C00215202|85021|2018|1284.3999999999999|4268|222
C00215202|85021|2018|1287.3999999999999|4278|223
C00215202|85021|2018|1290.3999999999999|4288|224
C00215202|85021|2018|1300.3999999999999|4308|225
C00215202|85021|2018|1306.3999999999999|4328|226
C00215202|85021|2018|1312.3999999999999|4348|227
C00215202|85021|2018|1318.3999999999999|4368|228
C00215202|85021|2018|1338.3999999999999|4408|229
C00215202|85021|2018|1336.3999999999999|4428|230
C00215202|85021|2018|1342.3999999999999|4448|231
C00215202|85021|2018|1348.3999999999999|4468|232
C00215202|85021|2018|1350.8999999999999|4483|233
C00215202|85021|2018|1355.3999999999999|4498|234
C00215202|85021|2018|1359.8999999999999|4513|235
C00215202|85021|2018|1364.3999999999999|4528|236
C00215202|85021|2018|1365.3999999999999|4538|237
C00215202|85021|2018|1390.8|4580|238
C00215202|85021|2018|1403.4|4622|239
C00215202|85021|2018|1416.0|4664|240
C00215202|85021|2018|1428.6000000000001|4706|241
C00361949|75214|2018|104.0|104|1
C00361949|76053|2018|130.0|130|1
C00361949|71909|2018|130.0|130|1
C00361949|72223|2018|130.0|130|1
C00361949|27284|2018|260.0|260|1
C00361949|71913|2018|130.0|130|1
C00361949|76102|2018|105.0|105|1
C00361949|48044|2018|130.0|130|1
C00361949|48309|2018|130.0|130|1
C00361949|45840|2018|650.0|650|1
C00361949|45840|2018|286.0|780|1
C00361949|75208|2018|104.0|104|1
C00361949|76006|2018|130.0|130|1
C00361949|76016|2018|260.0|260|1
C00361949|27012|2018|130.0|130|1
C00132282|94596|2018|20.0|20|1
C00132282|94596|2018|20.0|40|1
C00132282|98335|2018|21.0|21|1
C00132282|98335|2018|9.8|26|1
C00132282|98335|2018|11.3|31|2
C00132282|98335|2018|24.0|52|3
C00132282|98335|2018|61.9|137|4
C00132282|98335|2018|100.6|222|5
C00132282|19103|2018|21.0|21|1
C00132282|19103|2018|21.0|42|1
C00132282|19103|2018|27.299999999999997|63|2
C00422501|78748|2018|20.0|20|1
C00422501|19406|2018|30.0|30|1
C00422501|34952|2018|30.0|30|1
C00422501|33437|2018|20.0|20|1
C00422501|95648|2018|50.0|50|1
C00422501|33449|2018|20.0|20|1
C00422501|19475|2018|416.0|416|1
C00422501|19468|2018|50.0|50|1
C00422501|60440|2018|20.0|20|1
C00422501|19426|2018|25.0|25|1
C00422501|19426|2018|47.5|125|1
C00422501|60051|2018|20.0|20|1
C00422501|19438|2018|20.0|20|1
C00422501|60914|2018|20.0|20|1
C00422501|76115|2018|20.0|20|1
C00422501|19460|2018|20.0|20|1
C00422501|06035|2018|50.0|50|1
C00422501|33473|2018|20.0|20|1
C00422501|28104|2018|20.0|20|1
C00422501|19405|2018|20.0|20|1
